-1          
(2,3) (1,-2) 3 6
a (1,2) 3 1 1 
1,2) 2 (5,6) 2 4

(3.4) 2 (8,9)
2 -3 2 1 4 5 3 2 56 7 8 5 3 3 5 7 8 8   
(2,3) (1,3) (5,6 (1,9)
1
(3+2j) 2 1

    


2 (4,5) 9 q (1,2)
2    3  (-1,2)                           (5,6)    2
(1,0) (2,-3) (,9)
2    8 (1,) 9
1 1 1 1
(1,0) 2 (123) 2
(2,    0) 2 3 (   1,2)

(4,1) (1,2) (5,4) 2 13 2 4 5 2 2 5 (4,1) (1,2) (5,4) 2 13 2 4 5 2 2 5 (4,1) (1,2) (5,4) 2 13 2 4 5 2 2 5 (4,1) (1,2) (5,4) 2 13 2 4 5 2 2 5 (4,1) (1,2) (5,4) 2 13 2 4 5 2 2 5 (4,1) (1,2) (5,4) 2 13 2 4 5 2 2 5 (4,1) (1,2) (5,4) 2 13 2 4 5 2 2 5 (4,1) (1,2) (5,4) 2 13 2 4 5 2 2 5 (4,1) (1,2) (5,4) 2 13 2 4 5 2 2 5 

