(-1.00000, 0.00000) 
(2.00000, 3.00000) (1.00000, -2.00000) (3.00000, 0.00000) (6.00000, -0.00000) 
Error: los argumentos de esta línea no son válidos.
Error: los argumentos de esta línea no son válidos.
Error: los argumentos de esta línea no son válidos.
(2.00000, 0.00000) (-3.00121, 0.00000) (2.00018, -0.00000) (1.00067, 0.00000) (4.00055, 0.00000) (5.00202, -0.00000) (2.99904, 0.00000) (1.99924, -0.00000) (56.00061, -0.00000) (7.00000, -0.00000) (7.99809, 0.00000) (5.00066, 0.00000) (3.00096, 0.00000) (2.99990, 0.00000) (4.99974, 0.00000) (6.99933, 0.00000) (8.00084, -0.00000) (7.99939, 0.00000) 
Error: los argumentos de esta línea no son válidos.
(1.00000, 0.00000) 
Error: los argumentos de esta línea no son válidos.
Error: los argumentos de esta línea no son válidos.
(2.00200, 0.00000) (2.99928, -0.00066) (-1.00000, 2.00125) (5.00036, 6.00131) (1.99837, -0.00190) 
Error: los argumentos de esta línea no son válidos.
Error: los argumentos de esta línea no son válidos.
(1.00000, 0.00000) (1.00000, 0.00000) (1.00000, 0.00000) (1.00000, 0.00000) 
Error: los argumentos de esta línea no son válidos.
(2.00000, 0.00000) (2.00000, 0.00000) (3.00000, -0.00000) (1.00000, 2.00000) 
(4.00010, 1.00000) (1.00016, 2.00009) (4.99988, 3.99991) (1.99991, -0.00012) (13.00009, -0.00010) (1.99995, -0.00004) (4.00006, 0.00010) (5.00006, -0.00014) (1.99994, 0.00012) (2.00000, -0.00002) (4.99984, 0.00019) (4.00010, 1.00000) (1.00016, 2.00009) (4.99988, 3.99991) (1.99991, -0.00012) (13.00009, -0.00010) (1.99995, -0.00004) (4.00006, 0.00010) (5.00006, -0.00014) (1.99994, 0.00012) (2.00000, -0.00002) (4.99984, 0.00019) (4.00010, 1.00000) (1.00016, 2.00009) (4.99988, 3.99991) (1.99991, -0.00012) (13.00009, -0.00010) (1.99995, -0.00004) (4.00006, 0.00010) (5.00006, -0.00014) (1.99994, 0.00012) (2.00000, -0.00002) (4.99984, 0.00019) (4.00010, 1.00000) (1.00016, 2.00009) (4.99988, 3.99991) (1.99991, -0.00012) (13.00009, -0.00010) (1.99995, -0.00004) (4.00006, 0.00010) (5.00006, -0.00014) (1.99994, 0.00012) (2.00000, -0.00002) (4.99984, 0.00019) (4.00010, 1.00000) (1.00016, 2.00009) (4.99988, 3.99991) (1.99991, -0.00012) (13.00009, -0.00010) (1.99995, -0.00004) (4.00006, 0.00010) (5.00006, -0.00014) (1.99994, 0.00012) (2.00000, -0.00002) (4.99984, 0.00019) (4.00010, 1.00000) (1.00016, 2.00009) (4.99988, 3.99991) (1.99991, -0.00012) (13.00009, -0.00010) (1.99995, -0.00004) (4.00006, 0.00010) (5.00006, -0.00014) (1.99994, 0.00012) (2.00000, -0.00002) (4.99984, 0.00019) (4.00010, 1.00000) (1.00016, 2.00009) (4.99988, 3.99991) (1.99991, -0.00012) (13.00009, -0.00010) (1.99995, -0.00004) (4.00006, 0.00010) (5.00006, -0.00014) (1.99994, 0.00012) (2.00000, -0.00002) (4.99984, 0.00019) (4.00010, 1.00000) (1.00016, 2.00009) (4.99988, 3.99991) (1.99991, -0.00012) (13.00009, -0.00010) (1.99995, -0.00004) (4.00006, 0.00010) (5.00006, -0.00014) (1.99994, 0.00012) (2.00000, -0.00002) (4.99984, 0.00019) (4.00010, 1.00000) (1.00016, 2.00009) (4.99988, 3.99991) (1.99991, -0.00012) (13.00009, -0.00010) (1.99995, -0.00004) (4.00006, 0.00010) (5.00006, -0.00014) (1.99994, 0.00012) (2.00000, -0.00002) (4.99984, 0.00019) 
