(-1.00, 0.00) 
(12.00, 1.00) (-3.00, 8.00) (-2.00, 5.00) (1.00, -2.00) 
Error: los argumentos de esta línea no son válidos.
Error: los argumentos de esta línea no son válidos.
Error: los argumentos de esta línea no son válidos.
(126.00, 0.00) (-56.97, -2.66) (41.83, 47.10) (-38.50, -23.38) (11.03, 52.01) (4.19, -45.36) (-28.50, 51.10) (40.78, -27.11) (-46.86, 20.49) (56.00, 0.00) (-46.86, -20.49) (40.78, 27.11) (-28.50, -51.10) (4.19, 45.36) (11.03, -52.01) (-38.50, 23.38) (41.83, -47.10) (-56.97, 2.66) 
Error: los argumentos de esta línea no son válidos.
(1.00, 0.00) 
Error: los argumentos de esta línea no son válidos.
Error: los argumentos de esta línea no son válidos.
(11.00, 8.00) (-2.04, -3.90) (3.00, -3.82) (-4.61, 8.77) (2.66, -9.05) 
Error: los argumentos de esta línea no son válidos.
Error: los argumentos de esta línea no son válidos.
(4.00, 0.00) (-0.00, -0.00) (0.00, -0.00) (0.00, -0.00) 
Error: los argumentos de esta línea no son válidos.
(8.00, 2.00) (-3.00, -1.00) (2.00, -2.00) (1.00, 1.00) 
(405.00, 63.00) (0.00, 0.00) (-0.00, -0.00) (-0.00, -0.00) (-0.00, -0.00) (-0.00, -0.00) (0.00, -0.00) (-0.00, 0.00) (-0.00, -0.00) (-12.95, -15.34) (0.00, 0.00) (-0.00, 0.00) (-0.00, -0.00) (-0.00, -0.00) (-0.00, -0.00) (-0.00, 0.00) (0.00, 0.00) (-0.00, 0.00) (48.59, 66.78) (0.00, -0.00) (-0.00, -0.00) (-0.00, -0.00) (-0.00, -0.00) (0.00, -0.00) (-0.00, -0.00) (0.00, -0.00) (0.00, 0.00) (91.42, -10.19) (-0.00, -0.00) (-0.00, 0.00) (-0.00, 0.00) (-0.00, -0.00) (-0.00, -0.00) (0.00, -0.00) (0.00, 0.00) (-0.00, 0.00) (-133.08, 9.36) (0.00, -0.00) (0.00, -0.00) (0.00, -0.00) (0.00, -0.00) (0.00, -0.00) (0.00, -0.00) (-0.00, 0.00) (0.00, 0.00) (58.83, 130.06) (0.00, -0.00) (-0.00, -0.00) (0.00, 0.00) (0.00, 0.00) (0.00, -0.00) (0.00, -0.00) (0.00, -0.00) (-0.00, 0.00) (87.62, -86.04) (-0.00, 0.00) (-0.00, 0.00) (0.00, -0.00) (-0.00, 0.00) (-0.00, 0.00) (-0.00, -0.00) (-0.00, 0.00) (-0.00, 0.00) (-89.02, -25.18) (0.00, -0.00) (0.00, 0.00) (0.00, -0.00) (-0.00, -0.00) (0.00, 0.00) (0.00, 0.00) (0.00, 0.00) (-0.00, 0.00) (76.07, -46.02) (-0.00, 0.00) (-0.00, -0.00) (0.00, -0.00) (-0.00, -0.00) (0.00, -0.00) (0.00, -0.00) (-0.00, -0.00) (-0.00, -0.00) (-38.57, -80.97) (0.00, 0.00) (0.00, -0.00) (-0.00, -0.00) (0.00, 0.00) (0.00, 0.00) (0.00, 0.00) (0.00, 0.00) (0.00, 0.00) (-97.90, 93.54) (-0.00, -0.00) (-0.00, 0.00) (0.00, -0.00) (0.00, 0.00) (-0.00, 0.00) (0.00, 0.00) (0.00, 0.00) (0.00, 0.00) 
